param: { 
        drone_mass: 0.032,
        lin_drag_coeff: 0.000005,
        ang_drag_coeff: 0.000005,
        sim_period: 0.001,
        sens_period: 0.002,
        x0: [-1.5, 1.1, 0.0]
}

